var CountyCensus = {
  "type": "FeatureCollection",
  "name": 
  
 {
 "type": "Feature",
        "properties": {
        "NAME": "Adams",
        "1970_Population": "18957",
        "1975_Population": "22200",
        "1980_Population": "24328",
        "1985_Population": "24118",
        "1990_Population": "25371",
        "1995_Population": "26823",
        "2000_Population": "27330",
        "2005_Population": "28522",
        "2010_Population": "28550",
        "2015_Population": "28016",
   },
   "geometry": {
   "type": "Polygon",
   "coordinates": [[[-83.705313620876396, 38.639761423493098], [-83.702973, 38.684271], [-83.699098, 38.730004], [-83.696194, 38.761722], [-83.695551, 38.768614], [-83.694864, 38.776002], [-83.693958, 38.785719], [-83.693043, 38.795762], [-83.691741, 38.80941], [-83.691393, 38.812926], [-83.691069, 38.816394], [-83.689024, 38.83825], [-83.686963, 38.860307], [-83.686288, 38.867528], [-83.683044, 38.906197], [-83.681744, 38.921212], [-83.67963, 38.947422], [-83.679427, 38.949675], [-83.677647, 38.96961], [-83.675159, 38.999217], [-83.674861, 38.999653], [-83.673018, 39.02043], [-83.658964, 39.020034], [-83.625091, 39.019073], [-83.611592, 39.01889], [-83.596947, 39.021707], [-83.586279, 39.023613], [-83.55679, 39.028673], [-83.51548, 39.035523], [-83.511393, 39.036379], [-83.502043, 39.037771], [-83.498321, 39.038213], [-83.484371, 39.040377], [-83.483577, 39.040499], [-83.474897, 39.041785], [-83.443386, 39.046489], [-83.441754, 39.046769], [-83.385637, 39.055197], [-83.325965, 39.052822], [-83.314589, 39.052195], [-83.31377, 39.047828], [-83.312963, 39.046736], [-83.309428, 39.045993], [-83.308801, 39.044694], [-83.310529, 39.04322], [-83.30918, 39.041477], [-83.30811, 39.04026], [-83.306426, 39.040725], [-83.303075, 39.039053], [-83.301409, 39.036963], [-83.300036, 39.036792], [-83.298635, 39.03567], [-83.297211, 39.035668], [-83.295647, 39.033836], [-83.294007, 39.033342], [-83.291353, 39.030455], [-83.288131, 39.029845], [-83.288087, 39.027748], [-83.28629, 39.024601], [-83.285466, 39.023988], [-83.282162, 39.023929], [-83.280705, 39.022082], [-83.278424, 39.021698], [-83.275341, 39.020484], [-83.272101, 39.01752], [-83.270817, 39.015791], [-83.269205, 38.930047], [-83.268912, 38.907753], [-83.268856, 38.903578], [-83.268578, 38.882521], [-83.268434, 38.849646], [-83.268399, 38.839201], [-83.268235, 38.79189], [-83.268262, 38.79128], [-83.268077, 38.755888], [-83.268207, 38.742787], [-83.268186, 38.709889], [-83.268233, 38.620223], [-83.268245, 38.618529], [-83.267550292079207, 38.618350309815199], [-83.267694, 38.618221], [-83.26851, 38.615104], [-83.286514, 38.599241], [-83.286715547656598, 38.599133553252592], [-83.288885, 38.597977], [-83.294193, 38.596588], [-83.301951, 38.598178], [-83.305399963374597, 38.599729769612196], [-83.307832, 38.600824], [-83.311448, 38.603314], [-83.317542, 38.609242], [-83.317651611909497, 38.6094522945614], [-83.319101, 38.612233], [-83.320099, 38.616043], [-83.320531, 38.622713], [-83.322383, 38.630615], [-83.327636, 38.637489], [-83.340004, 38.645674], [-83.356445, 38.654009], [-83.366661, 38.658537], [-83.375924067313193, 38.661357907129094], [-83.376302, 38.661473], [-83.384755, 38.663171], [-83.384870096519492, 38.663185039041799], [-83.412039, 38.666499], [-83.420194, 38.668428], [-83.437483898770907, 38.669226192753698], [-83.440404, 38.669361], [-83.446989, 38.670143], [-83.456693812886485, 38.673827859413095], [-83.457055, 38.673965], [-83.459809, 38.673617], [-83.468059, 38.67547], [-83.472157, 38.678123], [-83.47642, 38.682261], [-83.486477, 38.690099], [-83.493342, 38.694187], [-83.504365, 38.699256], [-83.512571, 38.701716], [-83.520953, 38.703045], [-83.533339, 38.702105], [-83.549298, 38.698787], [-83.56187, 38.695371], [-83.569098, 38.692842], [-83.5749973531302, 38.691768499911895], [-83.575121, 38.691746], [-83.588006908442793, 38.689472106442892], [-83.591184992686593, 38.688911290314394], [-83.591912, 38.688783], [-83.595889, 38.687088], [-83.601572, 38.683938], [-83.60491, 38.684848], [-83.609095, 38.685013], [-83.614136, 38.68397], [-83.620465000805893, 38.681701439801799], [-83.626401725002381, 38.679573486806895], [-83.626536469361483, 38.679525189184695], [-83.626922, 38.679387], [-83.634018, 38.673351], [-83.636208, 38.670584], [-83.637377, 38.66793], [-83.639396, 38.659171], [-83.639954, 38.652468], [-83.642994, 38.643273], [-83.645914, 38.637007], [-83.649737, 38.632753], [-83.652916, 38.630604], [-83.655425, 38.629735], [-83.659304, 38.628592], [-83.663911, 38.62793], [-83.668111, 38.628068], [-83.679484, 38.630036], [-83.68552, 38.63189], [-83.704006, 38.639724], [-83.705313620876396, 38.639761423493098]]]
        }
 }, 
 {
  "type": "Feature",
        "properties": {
        "NAME": "Allen",
        "1970_Population": "111144",
        "1975_Population": "110800",
        "1980_Population": "112241",
        "1985_Population": "109601",
        "1990_Population": "109755",
        "1995_Population": "109841",
        "2000_Population": "108473",
        "2005_Population": "106861",
        "2010_Population": "106331",
        "2015_Population": "104210",
    },
   "geometry": {
   "type": "Polygon",
   "coordinates": [[[-84.397374, 40.815941], [-84.359167, 40.816079], [-84.340101, 40.816143], [-84.340245, 40.828383], [-84.340252, 40.828928], [-84.340305, 40.833816], [-84.340356, 40.839719], [-84.340381, 40.845043], [-84.340443, 40.847124], [-84.340415, 40.849138], [-84.340531, 40.859099], [-84.334366, 40.859189], [-84.329623, 40.859295], [-84.323183, 40.859405], [-84.32315, 40.859305], [-84.320275, 40.859339], [-84.313068, 40.859426], [-84.287441, 40.859647], [-84.286828, 40.859637], [-84.268161, 40.859696], [-84.252739, 40.859755], [-84.224863, 40.860112], [-84.22485, 40.859307], [-84.109586, 40.860994], [-84.10968, 40.868148], [-84.109937, 40.894299], [-84.109516, 40.90473], [-84.070163, 40.904905], [-84.020359, 40.904893], [-84.013692, 40.904948], [-84.009388, 40.904963], [-83.995165, 40.905066], [-83.995208, 40.915026], [-83.995228, 40.919843], [-83.937745, 40.920261], [-83.918652, 40.920287], [-83.880423, 40.920429], [-83.880408, 40.907752], [-83.880402, 40.905907], [-83.880395, 40.901954], [-83.880393, 40.901276], [-83.880387, 40.899663], [-83.880383, 40.89886], [-83.880366, 40.895746], [-83.880336, 40.892435], [-83.880307, 40.884547], [-83.880301, 40.881537], [-83.880284, 40.877936], [-83.88026, 40.863482], [-83.880254, 40.862484], [-83.880063, 40.819919], [-83.880012, 40.790948], [-83.879916, 40.761709], [-83.879901, 40.7472], [-83.879834, 40.732443], [-83.880055, 40.674596], [-83.880194, 40.64469], [-83.899255, 40.644672], [-83.929713, 40.644533], [-83.975205, 40.644199], [-83.994079, 40.644132], [-84.039175, 40.643949], [-84.107787, 40.643069], [-84.107908, 40.657938], [-84.131201, 40.657645], [-84.131527, 40.657641], [-84.134054, 40.657533], [-84.134668, 40.657548], [-84.14612, 40.657422], [-84.150878, 40.657312], [-84.152674, 40.657288], [-84.165208, 40.657141], [-84.222749, 40.656948], [-84.222799, 40.685957], [-84.24995, 40.685934], [-84.256175, 40.68608], [-84.256741, 40.685969], [-84.263301, 40.685869], [-84.276934, 40.685759], [-84.299152, 40.685723], [-84.318213, 40.685658], [-84.339289, 40.685598], [-84.339289, 40.685083], [-84.37761, 40.684947], [-84.396778, 40.684926], [-84.397115, 40.765045], [-84.397178, 40.783812], [-84.397189, 40.786584], [-84.397374, 40.815941]]]
        }
   },
   {
   "type": "Feature",
        "properties": {
        "NAME": "Ashland",
        "1970_Population": "43303",
        "1975_Population": "44800",
        "1980_Population": "46178",
        "1985_Population": "46572",
        "1990_Population": "47507",
        "1995_Population": "50581",
        "2000_Population": "52523",
        "2005_Population": "53048",
        "2010_Population": "53139",
        "2015_Population": "53380",
    },
   "geometry": {
   "type": "Polygon",
   "coordinates": [[[-82.436916, 41.065379], [-82.424905, 41.065426], [-82.417082, 41.065486], [-82.41404, 41.065511], [-82.398276, 41.065604], [-82.396686, 41.065612], [-82.375958, 41.065679], [-82.358162, 41.065718], [-82.336496, 41.065761], [-82.28994, 41.065531], [-82.2797, 41.065343], [-82.270367, 41.065089], [-82.258275, 41.06473], [-82.171492, 41.063537], [-82.173359, 40.992082], [-82.129334, 40.991807], [-82.129101, 40.975448], [-82.128835, 40.964201], [-82.127917, 40.937169], [-82.128544, 40.929977], [-82.128313, 40.92172], [-82.128078, 40.915319], [-82.1279, 40.900902], [-82.127423, 40.90089], [-82.125852, 40.893269], [-82.12501, 40.886263], [-82.125495, 40.85817], [-82.125493, 40.850301], [-82.126557, 40.82131], [-82.126887, 40.813787], [-82.127327, 40.804252], [-82.126696, 40.762975], [-82.126628, 40.750056], [-82.126536, 40.749272], [-82.126234, 40.726537], [-82.126428, 40.726534], [-82.126404, 40.719331], [-82.126366, 40.712015], [-82.126345, 40.704544], [-82.126307, 40.695065], [-82.126229, 40.675769], [-82.126199, 40.668229], [-82.14784, 40.668089], [-82.154762, 40.668042], [-82.156375, 40.667936], [-82.161549, 40.667988], [-82.193271, 40.667507], [-82.220665, 40.66758], [-82.220693, 40.654997], [-82.220662, 40.645652], [-82.220659, 40.640515], [-82.220663, 40.638615], [-82.220662, 40.638442], [-82.220662, 40.628298], [-82.220662, 40.627288], [-82.220468, 40.615432], [-82.220335, 40.594905], [-82.220332, 40.594707], [-82.22011, 40.568206], [-82.234622, 40.566472], [-82.272623, 40.562145], [-82.274904, 40.561891], [-82.33476, 40.555246], [-82.336962, 40.555001], [-82.337732, 40.59488], [-82.338364, 40.623556], [-82.338483, 40.638502], [-82.338636, 40.651888], [-82.338739, 40.669914], [-82.33885, 40.683512], [-82.338959, 40.685523], [-82.338984, 40.698538], [-82.339211, 40.726683], [-82.354276, 40.726813], [-82.355654, 40.726657], [-82.367522, 40.726707], [-82.378397, 40.727145], [-82.378402, 40.734219], [-82.378385, 40.769879], [-82.378635, 40.781075], [-82.378953, 40.787227], [-82.380065, 40.788227], [-82.38102, 40.788923], [-82.381891, 40.788499], [-82.38256, 40.788586], [-82.384438, 40.792298], [-82.385766, 40.792386], [-82.386591, 40.794487], [-82.38969, 40.796026], [-82.390117, 40.797608], [-82.387289, 40.799557], [-82.387084, 40.800406], [-82.388459, 40.801419], [-82.388559, 40.808169], [-82.407759, 40.808247], [-82.407999, 40.814567], [-82.409935, 40.814603], [-82.416847, 40.814567], [-82.418394, 40.81623], [-82.417061, 40.817019], [-82.417893, 40.819286], [-82.417196, 40.820763], [-82.419757, 40.82299], [-82.420752, 40.82333], [-82.419578, 40.824979], [-82.420545, 40.826335], [-82.420434, 40.827839], [-82.419404, 40.827852], [-82.418509, 40.825625], [-82.417093, 40.825959], [-82.415488, 40.828424], [-82.416431, 40.829607], [-82.416291, 40.852604], [-82.41599, 40.877455], [-82.416043, 40.89873], [-82.416, 40.901898], [-82.41648, 40.902252], [-82.417266, 40.953331], [-82.4179, 40.992938], [-82.432852, 40.992944], [-82.435931, 41.04714], [-82.436766, 41.062394], [-82.436911, 41.065342], [-82.436916, 41.065379]]]
        }
    },
    {
    "type": "Feature",
        "properties": {
        "NAME": "Ashtabula",
        "1970_Population": "98237",
        "1975_Population": "102000",
        "1980_Population": "104215",
        "1985_Population": "100761",
        "1990_Population": "99880",
        "1995_Population": "101821",
        "2000_Population": "102728",
        "2005_Population": "102638",
        "2010_Population": "101497",
        "2015_Population": "98544",
     },
   "geometry": {
   "type": "Polygon",
   "coordinates": [[[-81.004763, 41.726436], [-81.004283, 41.729067], [-81.003823, 41.74464], [-81.003909, 41.745599], [-81.002946, 41.749826], [-81.002817, 41.763566], [-81.002569, 41.788495], [-81.002565, 41.788985], [-81.002284, 41.82638], [-81.002269, 41.852441], [-81.002175732365288, 41.853156884268394], [-80.99798, 41.854069], [-80.991991976799397, 41.854872010263399], [-80.991828, 41.854894], [-80.990117068514991, 41.855123630929796], [-80.984415852406684, 41.855888813853703], [-80.982222488915298, 41.856183193904904], [-80.978126, 41.856733], [-80.974742, 41.857701], [-80.968928281783491, 41.858333035666], [-80.967834, 41.858452], [-80.957494, 41.859729], [-80.952709, 41.862122], [-80.949746696888013, 41.862032077185596], [-80.945233393408998, 41.861895072653596], [-80.945231, 41.861895], [-80.936244, 41.862352], [-80.926845, 41.865006], [-80.921828547304784, 41.865745318943191], [-80.919768, 41.866049], [-80.916659, 41.865936], [-80.903491639811108, 41.868337548319097], [-80.900342, 41.868912], [-80.891737, 41.872478], [-80.888828426473481, 41.873433140120397], [-80.880144, 41.876285], [-80.877725, 41.877645], [-80.868956, 41.880446], [-80.867743588867583, 41.880609520197197], [-80.864233, 41.881083], [-80.855514843445803, 41.884021661067898], [-80.850687, 41.885649], [-80.848546276808705, 41.8871863961865], [-80.845865, 41.889112], [-80.840287, 41.89066], [-80.836958, 41.890942], [-80.828022, 41.893683], [-80.824949, 41.893358], [-80.823146990508079, 41.894138882786002], [-80.817763018139999, 41.896471973350501], [-80.814943, 41.897694], [-80.808697, 41.901606], [-80.8071032855228, 41.903415623060596], [-80.803342100899187, 41.9076863544419], [-80.802098, 41.909099], [-80.800526, 41.910102], [-80.798420574543982, 41.910688099818501], [-80.796068, 41.911343], [-80.794677, 41.910902], [-80.794380379931894, 41.910383653967394], [-80.794376, 41.910376], [-80.794356904042687, 41.910375573109398], [-80.789858, 41.910275], [-80.789822, 41.911558], [-80.788097, 41.911643], [-80.784818242698009, 41.911765042632894], [-80.784497, 41.911777], [-80.782719, 41.911649], [-80.782548, 41.907469], [-80.778663244371188, 41.907778113137802], [-80.7782077603175, 41.907814356371198], [-80.773135, 41.908218], [-80.757945, 41.913352], [-80.753255, 41.916049], [-80.738159, 41.917769], [-80.730451, 41.918085], [-80.720816, 41.919744], [-80.712946819189185, 41.922278715698098], [-80.701487, 41.92597], [-80.684040333965299, 41.930586033353499], [-80.682791494981998, 41.930916450774696], [-80.668554849171386, 41.934683177997698], [-80.668393, 41.934726], [-80.653355, 41.940608], [-80.64656, 41.942224], [-80.6464753925396, 41.942231352290101], [-80.644098258103298, 41.942437922513101], [-80.6345, 41.943272], [-80.63049, 41.943528], [-80.626976222100396, 41.944546103649891], [-80.618848521875506, 41.946901073571496], [-80.612526, 41.948733], [-80.600702, 41.952982], [-80.596991, 41.954884], [-80.592179, 41.955618], [-80.581882, 41.95761], [-80.575490379562495, 41.959935615700701], [-80.572686, 41.960956], [-80.571930752077591, 41.9612091678922], [-80.566899525512696, 41.962895693583896], [-80.566842213265801, 41.962914905316005], [-80.565055, 41.963514], [-80.562058, 41.966786], [-80.561326, 41.967196], [-80.560251, 41.967429], [-80.559614, 41.967938], [-80.559443, 41.968828], [-80.559529, 41.970143], [-80.559329, 41.970624], [-80.558626, 41.970857], [-80.5578, 41.970827], [-80.556334, 41.969217], [-80.55661, 41.967549], [-80.556316010793296, 41.967675092480498], [-80.55315, 41.969033], [-80.553444, 41.970101], [-80.553283, 41.97111], [-80.552585, 41.971653], [-80.551027, 41.972011], [-80.550136, 41.972811], [-80.549414548989205, 41.972686938327499], [-80.549286061452591, 41.972664843440292], [-80.548688, 41.972562], [-80.547645215905405, 41.971329155989096], [-80.547459, 41.971109], [-80.543596, 41.97152], [-80.537771, 41.972967], [-80.533955, 41.973424], [-80.519425, 41.977523], [-80.519405, 41.976158], [-80.519323326994694, 41.950147169417392], [-80.519304, 41.943992], [-80.519322840568307, 41.937179985730097], [-80.519345, 41.929168], [-80.519330810220296, 41.907209985259492], [-80.519321069150493, 41.892136139234601], [-80.519302229324879, 41.862982397877786], [-80.519302226508302, 41.862978039273194], [-80.519293557417996, 41.849563030893194], [-80.519255757257795, 41.7910690660716], [-80.519239, 41.765138], [-80.519315853201775, 41.757659001104798], [-80.519369, 41.752487], [-80.519408, 41.739359], [-80.519385248082799, 41.714731024714098], [-80.519385244365097, 41.714727000446295], [-80.519373, 41.701473], [-80.519423119565303, 41.671750132284998], [-80.519424, 41.671228], [-80.519357, 41.669767], [-80.519355784177591, 41.660954313984796], [-80.519353527340002, 41.644596002962402], [-80.51935348443358, 41.644285002830394], [-80.519348345472892, 41.607036103043903], [-80.519348323799591, 41.606879007543299], [-80.519344404328493, 41.578469374739292], [-80.51934337686869, 41.571022003259102], [-80.519340754318605, 41.552012885714696], [-80.519339, 41.539297], [-80.519214686135797, 41.5321059210888], [-80.519157, 41.528769], [-80.519225, 41.499924], [-80.619068, 41.499516], [-80.713163, 41.499762], [-80.713469, 41.499765], [-80.79102, 41.500416], [-80.798581, 41.500638], [-80.810394, 41.500609], [-80.884409, 41.501047], [-80.884725, 41.501201], [-80.89649, 41.50089], [-80.904237, 41.500959], [-80.904405, 41.50096], [-81.003125, 41.501685], [-81.003047, 41.535207], [-81.002802, 41.564339], [-81.002836, 41.571342], [-81.00292, 41.607146], [-81.002781, 41.642], [-81.003631, 41.715137], [-81.004325, 41.724066], [-81.004763, 41.726436]]]
        }
    },
    {
    "type": "Feature",
        "properties": {
        "NAME": "Athens",
        "1970_Population": "55747",
        "1975_Population": "52300",
        "1980_Population": "56399",
        "1985_Population": "58208",
        "1990_Population": "59549",
        "1995_Population": "60881",
        "2000_Population": "62223",
        "2005_Population": "64075",
        "2010_Population": "64757",
        "2015_Population": "65699",
     },
   "geometry": {
   "type": "Polygon",
   "coordinates": [[[-82.297656, 39.3033], [-82.290233, 39.378412], [-82.289663, 39.384195], [-82.285745, 39.421778], [-82.284298, 39.435648], [-82.28041, 39.472906], [-82.25267, 39.471297], [-82.236564, 39.47036], [-82.22487, 39.469677], [-82.202466, 39.468366], [-82.198018, 39.468109], [-82.187605, 39.467496], [-82.175655, 39.466794], [-82.172039, 39.466581], [-82.170085, 39.466465], [-82.167379, 39.466307], [-82.165379, 39.488289], [-82.163946, 39.504041], [-82.163019, 39.514223], [-82.162289, 39.522236], [-82.159161, 39.556574], [-82.150622, 39.55614], [-82.142394, 39.55572], [-82.133271, 39.555025], [-82.120004, 39.554571], [-82.06501, 39.551733], [-82.047528, 39.550825], [-82.052889, 39.491876], [-82.054204, 39.477399], [-82.055779, 39.460053], [-82.044411, 39.459494], [-82.032333, 39.458899], [-82.027002, 39.458636], [-81.965013, 39.455562], [-81.950308, 39.454828], [-81.940542, 39.454339], [-81.927255, 39.453773], [-81.869618, 39.451293], [-81.844863, 39.450216], [-81.84651, 39.42361], [-81.848901, 39.384938], [-81.84984, 39.369741], [-81.850299, 39.362315], [-81.850847, 39.353654], [-81.85293, 39.325373], [-81.853668, 39.318165], [-81.834635, 39.317563], [-81.835447, 39.302807], [-81.816614, 39.302058], [-81.817595, 39.285514], [-81.818361, 39.272581], [-81.72181, 39.269568], [-81.725583473073897, 39.215835223456097], [-81.726973, 39.215068], [-81.729949, 39.211884], [-81.733357, 39.205868], [-81.735805, 39.196268], [-81.737085, 39.193836], [-81.738847308432398, 39.1921561016742], [-81.741533, 39.189596], [-81.749853, 39.186489], [-81.752754, 39.184676], [-81.753718601145891, 39.183486325253398], [-81.755754, 39.180976], [-81.755815054519402, 39.180524196556696], [-81.840465, 39.183904], [-81.841324, 39.183937], [-81.843096, 39.184007], [-81.857718, 39.1846], [-81.925254, 39.187323], [-81.937098, 39.187797], [-81.960882, 39.188744], [-81.984104, 39.189745], [-81.988689, 39.189532], [-82.004171, 39.190607], [-82.017233, 39.191167], [-82.049259, 39.192282], [-82.055212, 39.192784], [-82.079193, 39.193802], [-82.15635, 39.197851], [-82.178216, 39.19899], [-82.192247, 39.199719], [-82.268583, 39.20376], [-82.267403, 39.216385], [-82.264132, 39.25137], [-82.263952, 39.253289], [-82.263816, 39.253479], [-82.263735, 39.254434], [-82.263167, 39.261608], [-82.263169, 39.261673], [-82.263103, 39.26236], [-82.26227, 39.271267], [-82.261629, 39.278085], [-82.260936, 39.285514], [-82.260626, 39.288834], [-82.260243, 39.292915], [-82.270705, 39.293486], [-82.298476, 39.294996], [-82.297656, 39.3033]]]
        }
    },
    {
    "type": "Feature",
        "properties": {
        "NAME": "Auglaize",
        "1970_Population": "38602",
        "1975_Population": "42500",
        "1980_Population": "42554",
        "1985_Population": "43394",
        "1990_Population": "44585",
        "1995_Population": "46454",
        "2000_Population": "46611",
        "2005_Population": "46166",
        "2010_Population": "45949",
        "2015_Population": "45847",
     },
   "geometry": {
   "type": "Polygon",
   "coordinates": [[[-84.45618, 40.684862], [-84.396778, 40.684926], [-84.37761, 40.684947], [-84.339289, 40.685083], [-84.339289, 40.685598], [-84.318213, 40.685658], [-84.299152, 40.685723], [-84.276934, 40.685759], [-84.263301, 40.685869], [-84.256741, 40.685969], [-84.256175, 40.68608], [-84.24995, 40.685934], [-84.222799, 40.685957], [-84.222749, 40.656948], [-84.165208, 40.657141], [-84.152674, 40.657288], [-84.150878, 40.657312], [-84.14612, 40.657422], [-84.134668, 40.657548], [-84.134054, 40.657533], [-84.131527, 40.657641], [-84.131201, 40.657645], [-84.107908, 40.657938], [-84.107787, 40.643069], [-84.039175, 40.643949], [-83.994079, 40.644132], [-83.975205, 40.644199], [-83.929713, 40.644533], [-83.899255, 40.644672], [-83.880194, 40.64469], [-83.880338, 40.593942], [-83.880168, 40.579353], [-83.88018, 40.567048], [-83.880018, 40.5656], [-83.879932, 40.538708], [-83.884838, 40.537788], [-83.893953, 40.537086], [-83.908535, 40.53539], [-83.912264, 40.535329], [-83.912324, 40.535333], [-83.917447, 40.535376], [-83.993867, 40.535174], [-83.993917, 40.527874], [-83.993905, 40.518746], [-83.99379, 40.484011], [-83.993781, 40.483004], [-84.002372, 40.483115], [-84.011619, 40.483131], [-84.080245, 40.483104], [-84.107147, 40.483161], [-84.126083, 40.482757], [-84.16912, 40.482406], [-84.220245, 40.482242], [-84.221084, 40.482227], [-84.230621, 40.482036], [-84.25077, 40.481819], [-84.278572, 40.481662], [-84.334838, 40.481086], [-84.339088, 40.481281], [-84.339088, 40.473484], [-84.339111, 40.466289], [-84.339012, 40.452156], [-84.33876, 40.423065], [-84.338847, 40.422432], [-84.338766, 40.420449], [-84.338775, 40.408042], [-84.338768, 40.378742], [-84.35179, 40.37861], [-84.356567, 40.378787], [-84.357505, 40.378753], [-84.35926, 40.378738], [-84.376739, 40.378391], [-84.434018, 40.378246], [-84.434387, 40.354534], [-84.455418, 40.358589], [-84.4555, 40.368994], [-84.455459, 40.385576], [-84.455458, 40.385712], [-84.455396, 40.397701], [-84.455386, 40.402423], [-84.455276, 40.422079], [-84.455168, 40.436618], [-84.455109, 40.441921], [-84.455072, 40.445411], [-84.455029, 40.451305], [-84.454982, 40.465744], [-84.455098, 40.472406], [-84.455149, 40.480334], [-84.455152, 40.48164], [-84.455101, 40.505773], [-84.455141, 40.516338], [-84.455174, 40.519857], [-84.455198, 40.522364], [-84.455617, 40.553249], [-84.455713, 40.567888], [-84.455992, 40.581689], [-84.456037, 40.626226], [-84.456071, 40.640788], [-84.456007, 40.658737], [-84.455972, 40.661572], [-84.45618, 40.684862]]]
        }
    },
    {
    "type": "Feature",
        "properties": {
        "NAME": "Belmont",
        "1970_Population": "80917",
        "1975_Population": "82900",
        "1980_Population": "82569",
        "1985_Population": "77482",
        "1990_Population": "71074",
        "1995_Population": "70049",
        "2000_Population": "70226",
        "2005_Population": "70203",
        "2010_Population": "70400",
        "2015_Population": "69039",
     },
   "geometry": {
   "type": "Polygon",
   "coordinates": [[[-81.234297, 39.949015], [-81.234139, 39.94939], [-81.234053, 39.95127], [-81.234026, 39.953498], [-81.232392, 39.9941], [-81.232436, 39.999445], [-81.23216, 40.004038], [-81.23191, 40.010453], [-81.230659, 40.039474], [-81.230263, 40.051979], [-81.230148, 40.054639], [-81.230133, 40.055227], [-81.230044, 40.057374], [-81.229864, 40.063153], [-81.229197, 40.082377], [-81.227535, 40.128409], [-81.227044, 40.14324], [-81.225924, 40.170075], [-81.225811, 40.172694], [-81.187434, 40.17193], [-81.153651, 40.171321], [-81.140838, 40.171051], [-81.13652, 40.171088], [-81.134704, 40.171028], [-81.130259, 40.171058], [-81.111949, 40.1711], [-81.112072, 40.167917], [-81.093892, 40.167162], [-81.079318, 40.166624], [-81.051432, 40.165474], [-81.035504, 40.164874], [-80.991492, 40.163335], [-80.980399, 40.162903], [-80.977791, 40.162801], [-80.970154, 40.162566], [-80.942443, 40.161716], [-80.919242, 40.160751], [-80.882892, 40.159495], [-80.871057, 40.159163], [-80.862355, 40.158837], [-80.804625, 40.156374], [-80.800469, 40.156566], [-80.785422, 40.155847], [-80.775429, 40.155423], [-80.766269, 40.155111], [-80.765853, 40.159847], [-80.710177, 40.157534], [-80.709411, 40.157509], [-80.708107, 40.157502], [-80.702924207110598, 40.157256685607798], [-80.704602, 40.154823], [-80.705994, 40.151591], [-80.7064281437613, 40.149435973136391], [-80.707322, 40.144999], [-80.708023457883201, 40.143274238852001], [-80.710042, 40.138311], [-80.710070555500508, 40.137583727096498], [-80.710395401072191, 40.129310316441092], [-80.710441810164298, 40.128128334877594], [-80.710554, 40.125271], [-80.70881, 40.118088], [-80.708682058620596, 40.117936796551703], [-80.708204620689699, 40.117372551724095], [-80.708106, 40.117256], [-80.707586763088585, 40.115382232015399], [-80.707002, 40.113272], [-80.706702, 40.110872], [-80.707702, 40.105372], [-80.709102, 40.101472], [-80.709807928257902, 40.100253776848398], [-80.710203, 40.099572], [-80.713003, 40.096872], [-80.717044707281104, 40.094497345702294], [-80.729109910820497, 40.087408587055293], [-80.730704, 40.086472], [-80.732776642190103, 40.08429742458739], [-80.735112317129307, 40.081846880388902], [-80.736804, 40.080072], [-80.738604, 40.075672], [-80.738524060383597, 40.072314536109999], [-80.738504, 40.071472], [-80.738467682360181, 40.071303382386702], [-80.737104, 40.064972], [-80.736990005009687, 40.064756223768399], [-80.734304, 40.059672], [-80.733104, 40.058772], [-80.73244431752579, 40.055893385567003], [-80.732184076110585, 40.054757786664389], [-80.731167954639204, 40.050323802061897], [-80.731064105567015, 40.049870642474197], [-80.731053992916401, 40.049826514544094], [-80.730904, 40.049172], [-80.730904, 40.047846566265093], [-80.730904, 40.046672], [-80.731396331668293, 40.039122914420005], [-80.731504, 40.037472], [-80.733267384578795, 40.033357435982893], [-80.733304, 40.033272], [-80.7363, 40.029929], [-80.737389, 40.027593], [-80.737341, 40.022969], [-80.737805, 40.020761], [-80.738315415856803, 40.019716006589], [-80.740445163255288, 40.015355695347196], [-80.740509, 40.015225], [-80.741027028774297, 40.012509814700394], [-80.741901, 40.007929], [-80.742045, 40.005641], [-80.741288437693598, 39.998718454896895], [-80.741085, 39.996857], [-80.740193231160788, 39.994346327729701], [-80.740168814366001, 39.994277585061198], [-80.740047695861008, 39.9939365898856], [-80.740045, 39.993929], [-80.739665196341306, 39.991407652819696], [-80.738717, 39.985113], [-80.739377935270184, 39.978395758644901], [-80.73944338887469, 39.977730538192993], [-80.739701351434292, 39.975108803733299], [-80.739746541502996, 39.974649526385299], [-80.740126, 39.970793], [-80.743166, 39.969113], [-80.74627, 39.966233], [-80.753029000194104, 39.962670896344399], [-80.755135, 39.961561], [-80.756994892859595, 39.960288903468701], [-80.756995640725208, 39.960288391956801], [-80.758527, 39.959241], [-80.759411793873895, 39.958195782484395], [-80.763375, 39.953514], [-80.764479, 39.95025], [-80.764511, 39.946602], [-80.762285099182009, 39.934422516437195], [-80.761312, 39.929098], [-80.756784, 39.920586], [-80.756397020795291, 39.918746023404196], [-80.755936, 39.916554], [-80.756432, 39.91393], [-80.758304, 39.910426], [-80.759296, 39.909466], [-80.760573816568012, 39.908939840236691], [-80.760656, 39.908906], [-80.762592, 39.908906], [-80.768272, 39.909642], [-80.772641, 39.911306], [-80.782849, 39.917162], [-80.787410544799698, 39.918058353303792], [-80.795714, 39.91969], [-80.80053, 39.919434], [-80.803394, 39.918762], [-80.806018, 39.91713], [-80.807618, 39.914938], [-80.807782481197208, 39.914481206572994], [-80.809283, 39.910314], [-80.809683, 39.906106], [-80.809011, 39.903226], [-80.806179, 39.897306], [-80.802339, 39.89161], [-80.796162, 39.88553], [-80.793989, 39.882787], [-80.791189172229892, 39.875091673739192], [-80.790156, 39.872252], [-80.790761, 39.86728], [-80.793131, 39.863751], [-80.799898, 39.858912], [-80.81643, 39.853032], [-80.821279, 39.849982], [-80.822705, 39.850014], [-80.829111, 39.850159], [-80.882471, 39.851956], [-80.89616, 39.852563], [-80.904446, 39.852976], [-80.954161, 39.855463], [-80.961331, 39.855822], [-80.999456, 39.857586], [-81.017147, 39.858182], [-81.017087, 39.859875], [-81.058287, 39.861646], [-81.064066, 39.861867], [-81.064909, 39.861898], [-81.073571, 39.862205], [-81.074342, 39.862229], [-81.093439, 39.862868], [-81.10595, 39.86325], [-81.12713, 39.864007], [-81.127126, 39.865039], [-81.150927, 39.865775], [-81.17523, 39.866355], [-81.222318, 39.867538], [-81.237316, 39.867828], [-81.234297, 39.949015]]]
        }
    },
    {
    "type": "Feature",
        "properties": {
        "NAME": "Brown",
        "1970_Population": "26635",
        "1975_Population": "30100",
        "1980_Population": "31920",
        "1985_Population": "32666",
        "1990_Population": "34966",
        "1995_Population": "38746",
        "2000_Population": "42285",
        "2005_Population": "44161",
        "2010_Population": "44846",
        "2015_Population": "43825",
     },
   "geometry": {
   "type": "Polygon",
   "coordinates": [[[-84.052499, 38.772467], [-84.048195, 38.80646], [-84.04293, 38.847204], [-84.040844, 38.862715], [-84.038867, 38.876948], [-84.037802, 38.884771], [-84.037221, 38.889644], [-84.036627, 38.89514], [-84.03599, 38.901024], [-84.035734, 38.903362], [-84.03536, 38.906724], [-84.034309, 38.916166], [-84.032895, 38.92735], [-84.031777, 38.935701], [-84.026211, 38.978923], [-84.0256, 38.984417], [-84.025441, 38.985821], [-84.01862, 39.033718], [-84.017143, 39.044849], [-84.01485, 39.061335], [-84.013733, 39.069584], [-84.012782, 39.076677], [-84.010468, 39.091404], [-84.00714, 39.117675], [-84.005108, 39.130269], [-84.00493, 39.131592], [-84.004463, 39.135475], [-84.003842, 39.140647], [-84.003163, 39.146288], [-83.999779, 39.17414], [-83.997807, 39.190234], [-83.997763, 39.191023], [-83.997672, 39.192904], [-83.996297, 39.205204], [-83.995284, 39.228189], [-83.99312, 39.254235], [-83.950133, 39.251882], [-83.949196, 39.25188], [-83.945978, 39.251702], [-83.943775, 39.25158], [-83.893235, 39.248826], [-83.884211, 39.248337], [-83.865679, 39.247333], [-83.865935, 39.230582], [-83.865902, 39.230087], [-83.86612, 39.227226], [-83.866685, 39.195301], [-83.866995, 39.179125], [-83.86703, 39.175258], [-83.867444, 39.142105], [-83.867701, 39.13765], [-83.867911, 39.125428], [-83.868191, 39.118344], [-83.86846, 39.104138], [-83.872057, 39.02356], [-83.872214, 39.021304], [-83.870933, 39.021265], [-83.820681, 39.020201], [-83.81926, 39.020179], [-83.815067, 39.020184], [-83.809178, 39.020217], [-83.805728, 39.020227], [-83.805521, 39.020227], [-83.805396, 39.020227], [-83.804407, 39.020232], [-83.782891, 39.020323], [-83.774717, 39.020371], [-83.750864, 39.020465], [-83.705203, 39.021347], [-83.673018, 39.02043], [-83.674861, 38.999653], [-83.675159, 38.999217], [-83.677647, 38.96961], [-83.679427, 38.949675], [-83.67963, 38.947422], [-83.681744, 38.921212], [-83.683044, 38.906197], [-83.686288, 38.867528], [-83.686963, 38.860307], [-83.689024, 38.83825], [-83.691069, 38.816394], [-83.691393, 38.812926], [-83.691741, 38.80941], [-83.693043, 38.795762], [-83.693958, 38.785719], [-83.694864, 38.776002], [-83.695551, 38.768614], [-83.696194, 38.761722], [-83.699098, 38.730004], [-83.702973, 38.684271], [-83.705313620876396, 38.639761423493098], [-83.708164, 38.639843], [-83.712171877956195, 38.641179724034991], [-83.713405, 38.641591], [-83.716933, 38.643657], [-83.717789622934703, 38.645043996401299], [-83.717915, 38.645247], [-83.720779, 38.646704], [-83.738207, 38.647932], [-83.749554166140783, 38.649560497078703], [-83.749821709768298, 38.6495988938035], [-83.74992, 38.649613], [-83.758773640192587, 38.651373124876599], [-83.762445, 38.652103], [-83.76509, 38.652881], [-83.769347, 38.65522], [-83.77216, 38.65815], [-83.7732693470806, 38.660798754845601], [-83.775761, 38.666748], [-83.777141, 38.671205], [-83.779961, 38.684907], [-83.78362, 38.695641], [-83.783794849586499, 38.695833619870797], [-83.787113, 38.699489], [-83.790676, 38.701676], [-83.798549, 38.704668], [-83.805833601366288, 38.7064919636531], [-83.806317, 38.706613], [-83.81388, 38.707446], [-83.821854, 38.709575], [-83.822724601009895, 38.710035535835601], [-83.8257124858266, 38.711616085381401], [-83.83327032627858, 38.715614077950001], [-83.834015, 38.716008], [-83.836696, 38.717857], [-83.839153874814599, 38.720413215022703], [-83.840595, 38.721912], [-83.841689, 38.724264], [-83.842506, 38.727019], [-83.84274, 38.730365], [-83.844676, 38.737439], [-83.846207, 38.74229], [-83.847486925906878, 38.744765772787098], [-83.848734, 38.747178], [-83.852085, 38.751433], [-83.853814741182006, 38.752768361189005], [-83.859028, 38.756793], [-83.86653, 38.7602], [-83.873168, 38.762418], [-83.887107, 38.7656], [-83.903916944484891, 38.768151794229198], [-83.903971, 38.76816], [-83.912922, 38.769763], [-83.915859402260494, 38.769695976618998], [-83.917217, 38.769665], [-83.926986, 38.771562], [-83.928591, 38.772203], [-83.928454, 38.774583], [-83.943978, 38.783616], [-83.953546, 38.786172], [-83.959052900439204, 38.786950169911592], [-83.960487977793107, 38.787152958037197], [-83.962123, 38.787384], [-83.975128457463086, 38.787165826847399], [-83.978814, 38.787104], [-83.995447, 38.781912], [-83.996452650862381, 38.7817462945562], [-83.997364147729016, 38.781596103273699], [-84.006104, 38.780156], [-84.020357215764989, 38.775886487722801], [-84.023113, 38.775061], [-84.028592996668209, 38.773910028912901], [-84.035853016338791, 38.772385197195298], [-84.044486, 38.770572], [-84.051642, 38.771397], [-84.052684882421005, 38.77137519943269], [-84.052499, 38.772467]]]
        }
    },
    {
    "type": "Feature",
        "properties": {
        "NAME": "Butler",
        "1970_Population": "226207",
        "1975_Population": "240700",
        "1980_Population": "258787",
        "1985_Population": "270444",
        "1990_Population": "291497",
        "1995_Population": "318290",
        "2000_Population": "332807",
        "2005_Population": "350732",
        "2010_Population": "368130",
        "2015_Population": "375459",
     },
   "geometry": {
   "type": "Polygon",
   "coordinates": [[[-84.819352, 39.309454], [-84.818447799509897, 39.348640306549896], [-84.817453, 39.391753], [-84.817452144203003, 39.391796116755401], [-84.81745182644319, 39.3918121261244], [-84.816634197570778, 39.433005895310394], [-84.815754, 39.477352], [-84.815753964117405, 39.477358058569592], [-84.81574157460571, 39.479449956022194], [-84.815570015614682, 39.508416700223094], [-84.815555, 39.510952], [-84.815555, 39.511052], [-84.815355017519693, 39.521950045262003], [-84.815355, 39.521951], [-84.815155, 39.548051], [-84.815148017267191, 39.5486864286855], [-84.814971838018494, 39.564718740314397], [-84.814967098526878, 39.565150034049694], [-84.814955, 39.566251], [-84.814955, 39.567251], [-84.815036190657196, 39.567695326979901], [-84.808178, 39.56771], [-84.785967, 39.567664], [-84.770004, 39.567623], [-84.763092, 39.566604], [-84.75785, 39.566806], [-84.74636, 39.566955], [-84.73983, 39.567241], [-84.721641, 39.567565], [-84.714062, 39.567454], [-84.703037, 39.567467], [-84.69661, 39.567487], [-84.650372, 39.567365], [-84.645998, 39.567364], [-84.644092, 39.567364], [-84.635923, 39.567358], [-84.591531, 39.567532], [-84.553743, 39.567779], [-84.524849, 39.568069], [-84.515281, 39.568122], [-84.510223, 39.568195], [-84.498016, 39.568283], [-84.478927, 39.56879], [-84.47908, 39.573844], [-84.479213, 39.591024], [-84.474246, 39.590155], [-84.463146, 39.589956], [-84.435445, 39.590056], [-84.412856, 39.589861], [-84.365242, 39.589855], [-84.365232, 39.589493], [-84.364528, 39.562316], [-84.364486, 39.559457], [-84.364392, 39.553748], [-84.364633, 39.544668], [-84.364736, 39.543843], [-84.362777, 39.542117], [-84.361918, 39.541752], [-84.353085, 39.544109], [-84.347623, 39.544956], [-84.332865, 39.548533], [-84.332089, 39.548803], [-84.33208, 39.548442], [-84.332195, 39.547521], [-84.33272, 39.541871], [-84.333532, 39.532577], [-84.334212, 39.525134], [-84.33424, 39.524866], [-84.33428, 39.524329], [-84.334793, 39.517397], [-84.335133, 39.513567], [-84.335426, 39.511353], [-84.335534, 39.510227], [-84.336751, 39.496637], [-84.337159, 39.488659], [-84.337176, 39.488525], [-84.337539, 39.483075], [-84.337645, 39.482357], [-84.33765, 39.48116], [-84.33775, 39.478854], [-84.338003, 39.478176], [-84.338169, 39.477764], [-84.338534, 39.47353], [-84.340211, 39.456696], [-84.336719, 39.455994], [-84.338364, 39.440163], [-84.338385, 39.440044], [-84.33984, 39.427458], [-84.341405, 39.412423], [-84.343054, 39.397814], [-84.34385, 39.390269], [-84.344667, 39.382709], [-84.345996, 39.371611], [-84.346331, 39.368446], [-84.34652, 39.366487], [-84.347769, 39.35333], [-84.347916, 39.351819], [-84.348086, 39.349808], [-84.348199, 39.348512], [-84.348343, 39.346891], [-84.348899, 39.340805], [-84.349262, 39.3371], [-84.349296, 39.336661], [-84.349603, 39.332664], [-84.349861, 39.330217], [-84.351007, 39.317509], [-84.351933, 39.30731], [-84.351972, 39.306901], [-84.352389, 39.302429], [-84.352578, 39.299348], [-84.353209, 39.292287], [-84.369919, 39.294299], [-84.370755, 39.294398], [-84.378397, 39.295594], [-84.37913, 39.295711], [-84.391083, 39.297579], [-84.395127, 39.297646], [-84.401185, 39.297875], [-84.409335, 39.297858], [-84.410254, 39.298238], [-84.426434, 39.298601], [-84.428123, 39.298649], [-84.429133, 39.298763], [-84.439499, 39.299963], [-84.44696, 39.300808], [-84.452667, 39.301483], [-84.45562, 39.301811], [-84.465455, 39.302922], [-84.4832, 39.301697], [-84.485147, 39.301546], [-84.494048, 39.303409], [-84.50273, 39.305502], [-84.504644, 39.305957], [-84.512774, 39.304835], [-84.518247, 39.304034], [-84.523035, 39.303332], [-84.523685, 39.303278], [-84.524267, 39.303367], [-84.531479, 39.304522], [-84.542391, 39.306256], [-84.55132, 39.307044], [-84.562347, 39.308079], [-84.571327, 39.308048], [-84.579655, 39.308058], [-84.598746, 39.308556], [-84.608746, 39.310156], [-84.609278, 39.310256], [-84.609346, 39.310256], [-84.616339, 39.311227], [-84.630047, 39.312056], [-84.630812, 39.311974], [-84.630992, 39.311942], [-84.637291, 39.310247], [-84.638589, 39.309746], [-84.639825, 39.308832], [-84.641814, 39.305044], [-84.654347, 39.304756], [-84.659233, 39.304847], [-84.688443, 39.304755], [-84.702248, 39.304655], [-84.70328, 39.304748], [-84.706049, 39.304655], [-84.727202, 39.304746], [-84.744849, 39.304754], [-84.74971, 39.304926], [-84.76281, 39.304951], [-84.763276, 39.304918], [-84.766524, 39.304868], [-84.772675, 39.305155], [-84.795744, 39.30565], [-84.819450968667383, 39.305153361544889], [-84.819352, 39.309454]]]
        }
    },
    {
    "type": "Feature",
        "properties": {
        "NAME": "Carroll",
        "1970_Population": "21579",
        "1975_Population": "24300",
        "1980_Population": "25598",
        "1985_Population": "26144",
        "1990_Population": "26521",
        "1995_Population": "27890",
        "2000_Population": "28836",
        "2005_Population": "29118",
        "2010_Population": "28836",
        "2015_Population": "27790",
     },
   "geometry": {
   "type": "Polygon",
   "coordinates": [[[-81.321006, 40.579308], [-81.319138, 40.615479], [-81.317983, 40.644557], [-81.317739, 40.651579], [-81.304233, 40.651362], [-81.30315, 40.651342], [-81.301963, 40.651406], [-81.299716, 40.651282], [-81.291569, 40.651002], [-81.290337, 40.651169], [-81.280715, 40.651038], [-81.279131, 40.651061], [-81.249673, 40.650681], [-81.24125, 40.650534], [-81.241224, 40.652614], [-81.240561, 40.662861], [-81.239673, 40.67877], [-81.238515, 40.699988], [-81.237725, 40.715189], [-81.237721, 40.715287], [-81.237227, 40.723542], [-81.225106, 40.723136], [-81.19909, 40.722208], [-81.198599, 40.729172], [-81.152389, 40.72852], [-81.145668, 40.728427], [-81.143852, 40.728473], [-81.12108, 40.728089], [-81.116916, 40.728064], [-81.116256, 40.728061], [-81.112505, 40.728034], [-81.110007, 40.728007], [-81.108251, 40.727991], [-81.10225, 40.727943], [-81.095877, 40.727914], [-81.091837, 40.727862], [-81.087289, 40.727816], [-81.084681, 40.727984], [-81.043399, 40.727427], [-81.037232, 40.727377], [-81.00208, 40.727142], [-80.994297, 40.727029], [-80.974818, 40.727003], [-80.917172, 40.726934], [-80.917491, 40.672706], [-80.917357, 40.670281], [-80.918125, 40.643464], [-80.865757, 40.642647], [-80.860822, 40.64257], [-80.861458, 40.625062], [-80.861344, 40.622755], [-80.861362, 40.62204], [-80.861365, 40.621979], [-80.861432, 40.619627], [-80.861994, 40.599404], [-80.862125, 40.595574], [-80.863219, 40.564951], [-80.863567, 40.555411], [-80.880657, 40.555674], [-80.92092, 40.556315], [-80.921099, 40.552911], [-80.922377, 40.523134], [-80.923578, 40.489807], [-80.92377, 40.48371], [-80.923884, 40.47889], [-80.924337, 40.47624], [-80.924192, 40.472166], [-80.924705, 40.467977], [-80.940153, 40.468349], [-80.940512, 40.458667], [-80.940676, 40.455362], [-80.940779, 40.447451], [-80.941911, 40.4247], [-80.960734, 40.425024], [-80.999816, 40.426014], [-81.038268, 40.427183], [-81.041029, 40.427269], [-81.060369, 40.427741], [-81.08126, 40.428351], [-81.086247, 40.428562], [-81.090468, 40.428723], [-81.091253, 40.428703], [-81.100097, 40.428928], [-81.100076, 40.430596], [-81.138957, 40.431722], [-81.139841, 40.431753], [-81.157882, 40.432238], [-81.18031, 40.432787], [-81.191035, 40.433098], [-81.212309, 40.433457], [-81.212348, 40.431577], [-81.246554, 40.432758], [-81.249829, 40.432999], [-81.269951, 40.433486], [-81.268434, 40.476714], [-81.26827, 40.482759], [-81.26747, 40.506112], [-81.267112, 40.513477], [-81.266385, 40.529668], [-81.264902, 40.561635], [-81.264744, 40.565042], [-81.268575, 40.565158], [-81.277052, 40.565414], [-81.321659, 40.566648], [-81.321006, 40.579308]]]
        }
    },
    {
    "type": "Feature",
        "properties": {
        "NAME": "Champaign",
        "1970_Population": "30491",
        "1975_Population": "32300",
        "1980_Population": "33649",
        "1985_Population": "34166",
        "1990_Population": "36019",
        "1995_Population": "37644",
        "2000_Population": "38890",
        "2005_Population": "39592",
        "2010_Population": "40097",
        "2015_Population": "38998",
     },
   "geometry": {
   "type": "Polygon",
   "coordinates": [[[-84.031935, 40.086072], [-84.029857, 40.111431], [-84.029521, 40.115128], [-84.028365, 40.127862], [-84.027283, 40.13565], [-84.027238, 40.140233], [-84.022919, 40.183945], [-84.022898, 40.183988], [-84.021392, 40.20061], [-84.018852, 40.229549], [-84.018356, 40.234523], [-84.016296, 40.256626], [-84.014938, 40.271354], [-84.014763, 40.273459], [-83.898367, 40.266545], [-83.879092, 40.265353], [-83.87084, 40.264722], [-83.865026, 40.264598], [-83.841394, 40.263288], [-83.793616, 40.260519], [-83.784196, 40.260046], [-83.783912, 40.259765], [-83.784631, 40.252705], [-83.785354, 40.245213], [-83.753544, 40.243383], [-83.746106, 40.242985], [-83.727098, 40.241684], [-83.711799, 40.240602], [-83.668846, 40.237666], [-83.668171, 40.237614], [-83.665983, 40.237567], [-83.664309, 40.237293], [-83.630254, 40.2349], [-83.601367, 40.232946], [-83.579426, 40.231372], [-83.559726, 40.229961], [-83.553752, 40.229532], [-83.551338, 40.22937], [-83.530104, 40.227851], [-83.494498, 40.225467], [-83.4946, 40.224445], [-83.495906, 40.209334], [-83.49677, 40.19855], [-83.502686, 40.126084], [-83.503084, 40.120206], [-83.503714, 40.111468], [-83.511323, 40.0474], [-83.514876, 40.019588], [-83.516155, 40.010188], [-83.6041, 40.01478], [-83.632361, 40.016257], [-83.672897, 40.019096], [-83.682615, 40.019472], [-83.69192, 40.020059], [-83.730739, 40.022535], [-83.759814, 40.024281], [-83.783329, 40.025857], [-83.798511, 40.026821], [-83.807225, 40.027342], [-83.821134, 40.028128], [-83.821571, 40.028156], [-83.864255, 40.030437], [-83.909691, 40.032734], [-83.921005, 40.034058], [-83.939855, 40.034959], [-83.944353, 40.035387], [-83.996418, 40.038423], [-83.999935, 40.038267], [-84.036069, 40.040182], [-84.031935, 40.086072]]]
        }
    },
    {
    "type": "Feature",
        "properties": {
        "NAME": "Clark",
        "1970_Population": "157115",
        "1975_Population": "154600",
        "1980_Population": "150236",
        "1985_Population": "147075",
        "1990_Population": "147538",
        "1995_Population": "147289",
        "2000_Population": "144742",
        "2005_Population": "141367",
        "2010_Population": "138333",
        "2015_Population": "135815",
     },
   "geometry": {
   "type": "Polygon",
   "coordinates": [[[-84.052257, 39.865292], [-84.051636, 39.877665], [-84.051039, 39.879807], [-84.050352, 39.887072], [-84.04929, 39.897849], [-84.048452, 39.908184], [-84.048456, 39.908261], [-84.047377, 39.923442], [-84.04611, 39.93571], [-84.04587, 39.939101], [-84.044433, 39.948254], [-84.044089, 39.951857], [-84.044031, 39.953554], [-84.042937, 39.966912], [-84.041891, 39.977073], [-84.041237, 39.982734], [-84.039256, 40.008204], [-84.038096, 40.015891], [-84.038144, 40.017707], [-84.036069, 40.040182], [-83.999935, 40.038267], [-83.996418, 40.038423], [-83.944353, 40.035387], [-83.939855, 40.034959], [-83.921005, 40.034058], [-83.909691, 40.032734], [-83.864255, 40.030437], [-83.821571, 40.028156], [-83.821134, 40.028128], [-83.807225, 40.027342], [-83.798511, 40.026821], [-83.783329, 40.025857], [-83.759814, 40.024281], [-83.730739, 40.022535], [-83.69192, 40.020059], [-83.682615, 40.019472], [-83.672897, 40.019096], [-83.632361, 40.016257], [-83.6041, 40.01478], [-83.516155, 40.010188], [-83.509933, 40.009911], [-83.512702, 40.001002], [-83.534594, 39.934346], [-83.540525, 39.917153], [-83.540862, 39.91622], [-83.544776, 39.907503], [-83.547375, 39.903002], [-83.550958, 39.891687], [-83.554563, 39.880919], [-83.558312, 39.868078], [-83.564881, 39.848225], [-83.584006, 39.78217], [-83.588041, 39.768778], [-83.610842, 39.770409], [-83.647169, 39.773029], [-83.64661, 39.775996], [-83.675874, 39.777227], [-83.715411, 39.779628], [-83.72007, 39.779902], [-83.738899, 39.781293], [-83.740868, 39.789052], [-83.742901, 39.789116], [-83.766656, 39.791141], [-83.821943, 39.797051], [-83.824514, 39.797321], [-83.826454, 39.797692], [-83.829495, 39.797851], [-83.829214, 39.799544], [-83.829105, 39.800535], [-83.82922, 39.80116], [-83.827439, 39.822563], [-83.848344, 39.823938], [-83.865066, 39.824733], [-83.888515, 39.826074], [-83.919701, 39.827733], [-83.922298, 39.827828], [-83.941289, 39.828838], [-83.939838, 39.843412], [-83.939583, 39.843797], [-83.95319, 39.844431], [-83.985616, 39.846358], [-83.986892, 39.846364], [-83.993913, 39.846759], [-84.015434, 39.848159], [-84.018257, 39.848329], [-84.023767, 39.848662], [-84.026743, 39.848829], [-84.037252, 39.849511], [-84.037455, 39.849524], [-84.053736, 39.850458], [-84.052257, 39.865292]]]
        }
    },
    {
     "type": "Feature",
        "properties": {
        "NAME": "Clermont",
        "1970_Population": "95372",
        "1975_Population": "109600",
        "1980_Population": "128483",
        "1985_Population": "137393",
        "1990_Population": "150094",
        "1995_Population": "165351",
        "2000_Population": "177977",
        "2005_Population": "189486",
        "2010_Population": "197363",
        "2015_Population": "201791",
     },
   "geometry": {
   "type": "Polygon",
   "coordinates": [[[-84.320028, 39.223433], [-84.3187, 39.225009], [-84.316698, 39.226944], [-84.308992, 39.231539], [-84.307114, 39.234413], [-84.303859, 39.234479], [-84.302592, 39.233982], [-84.300405, 39.234508], [-84.300079, 39.234696], [-84.299441, 39.235156], [-84.297082, 39.238162], [-84.296407, 39.239337], [-84.296066, 39.245204], [-84.295114, 39.246686], [-84.293265, 39.248865], [-84.282825, 39.251936], [-84.282224, 39.252263], [-84.279052, 39.254285], [-84.271328, 39.258437], [-84.268233, 39.261757], [-84.267878, 39.262051], [-84.264968, 39.263959], [-84.262988, 39.26407], [-84.261408, 39.264686], [-84.260416, 39.268663], [-84.259431, 39.270796], [-84.25388, 39.270503], [-84.244722, 39.269914], [-84.237511, 39.269448], [-84.23496, 39.26928], [-84.201802, 39.267167], [-84.193253, 39.266648], [-84.184623, 39.266105], [-84.167151, 39.26502], [-84.159665, 39.264564], [-84.155868, 39.26433], [-84.154477, 39.264249], [-84.133658, 39.262962], [-84.078978, 39.259536], [-84.073672, 39.259201], [-84.051824, 39.257819], [-84.046074, 39.257468], [-84.023564, 39.25608], [-84.006782, 39.255068], [-83.99312, 39.254235], [-83.995284, 39.228189], [-83.996297, 39.205204], [-83.997672, 39.192904], [-83.997763, 39.191023], [-83.997807, 39.190234], [-83.999779, 39.17414], [-84.003163, 39.146288], [-84.003842, 39.140647], [-84.004463, 39.135475], [-84.00493, 39.131592], [-84.005108, 39.130269], [-84.00714, 39.117675], [-84.010468, 39.091404], [-84.012782, 39.076677], [-84.013733, 39.069584], [-84.01485, 39.061335], [-84.017143, 39.044849], [-84.01862, 39.033718], [-84.025441, 38.985821], [-84.0256, 38.984417], [-84.026211, 38.978923], [-84.031777, 38.935701], [-84.032895, 38.92735], [-84.034309, 38.916166], [-84.03536, 38.906724], [-84.035734, 38.903362], [-84.03599, 38.901024], [-84.036627, 38.89514], [-84.037221, 38.889644], [-84.037802, 38.884771], [-84.038867, 38.876948], [-84.040844, 38.862715], [-84.04293, 38.847204], [-84.048195, 38.80646], [-84.052499, 38.772467], [-84.052684882421005, 38.77137519943269], [-84.06341, 38.771151], [-84.071491, 38.770475], [-84.094334, 38.775246], [-84.108836, 38.779247], [-84.111883676978394, 38.780799666054101], [-84.115655, 38.782721], [-84.131787252510009, 38.788336116347303], [-84.135088, 38.789485], [-84.14403295716329, 38.791814881274192], [-84.151899564778901, 38.793863886254393], [-84.155912, 38.794909], [-84.188633255417798, 38.799542828071296], [-84.198358, 38.80092], [-84.205592, 38.802588], [-84.211048972122384, 38.804915721013401], [-84.212904, 38.805707], [-84.219569099778795, 38.811564716310194], [-84.222059, 38.813753], [-84.2253, 38.817665], [-84.227320227519996, 38.821341226353795], [-84.230181, 38.826547], [-84.230426911437391, 38.827422444717399], [-84.231306, 38.830552], [-84.233265, 38.842671], [-84.233727, 38.853576], [-84.233692020541596, 38.853933086598097], [-84.233659630625397, 38.854263737943498], [-84.233459348855192, 38.856308307506495], [-84.233198317780506, 38.858973034255598], [-84.232486755251998, 38.866236995855601], [-84.231930733496796, 38.871913124821596], [-84.231837, 38.87287], [-84.231914347998909, 38.874866102763697], [-84.232132, 38.880483], [-84.232343, 38.884325], [-84.234453, 38.893226], [-84.240155, 38.900912], [-84.242689, 38.903187], [-84.245647, 38.907035], [-84.25701, 38.923208], [-84.260797, 38.926593], [-84.261910812759879, 38.927770344203992], [-84.27491, 38.941511], [-84.278764654089997, 38.944326914903499], [-84.279916, 38.945168], [-84.284125344120099, 38.950588398144895], [-84.288164, 38.955789], [-84.292949713534398, 38.964447873475301], [-84.295076, 38.968295], [-84.295327865999496, 38.971377368717896], [-84.296207583112789, 38.982143460671004], [-84.296466, 38.985306], [-84.297255, 38.989694], [-84.297709230596695, 38.991050224339801], [-84.299362, 38.995985], [-84.302818707437083, 39.002767557508697], [-84.304698, 39.006455], [-84.31368, 39.016981], [-84.319936470923196, 39.022080955534392], [-84.31946, 39.02665], [-84.316752, 39.046192], [-84.31524, 39.057335], [-84.315188, 39.057694], [-84.314815, 39.060335], [-84.31481, 39.060999], [-84.313208, 39.071821], [-84.312289, 39.078074], [-84.31102, 39.086612], [-84.311018, 39.086631], [-84.309247, 39.098676], [-84.307136, 39.112838], [-84.306887, 39.114499], [-84.304218, 39.132432], [-84.302724, 39.142606], [-84.301893, 39.152148], [-84.301828, 39.152566], [-84.301742, 39.159434], [-84.300117, 39.164433], [-84.299025, 39.165268], [-84.297429, 39.165852], [-84.295195, 39.166964], [-84.297821, 39.170178], [-84.299448, 39.173875], [-84.298226, 39.175723], [-84.294596, 39.178577], [-84.292887, 39.179986], [-84.288932, 39.181501], [-84.288463, 39.182344], [-84.288626, 39.184492], [-84.288288, 39.186487], [-84.287042, 39.188716], [-84.284152, 39.190828], [-84.282764, 39.192273], [-84.281757, 39.194445], [-84.278, 39.196916], [-84.277205, 39.199836], [-84.276286, 39.200927], [-84.276377, 39.203873], [-84.277945, 39.206233], [-84.279743, 39.207607], [-84.282596, 39.212102], [-84.284304, 39.213243], [-84.287467, 39.213544], [-84.289621, 39.212934], [-84.292667, 39.211036], [-84.293273, 39.210758], [-84.295265, 39.209948], [-84.296099, 39.209712], [-84.299464, 39.209061], [-84.309356, 39.208774], [-84.31115, 39.20963], [-84.312411, 39.211104], [-84.313552, 39.213055], [-84.316076, 39.22051], [-84.31974, 39.222216], [-84.320028, 39.223433]]]
        }
    },
    {
     "type": "Feature",
        "properties": {
        "NAME": "Clinton",
        "1970_Population": "31464",
        "1975_Population": "33300",
        "1980_Population": "34603",
        "1985_Population": "34021",
        "1990_Population": "35444",
        "1995_Population": "37l643",
        "2000_Population": "40543",
        "2005_Population": "41775",
        "2010_Population": "42040",
        "2015_Population": "41852",
     },
   "geometry": {
   "type": "Polygon",
   "coordinates": [[[-84.003728, 39.288471], [-84.003699, 39.288874], [-84.003645, 39.289347], [-84.002832, 39.296746], [-84.002587, 39.298503], [-84.002396, 39.30078], [-84.002168, 39.30351], [-84.001928, 39.306234], [-84.00294, 39.305718], [-84.002754, 39.307096], [-84.001784, 39.307833], [-84.000032, 39.324847], [-83.999931, 39.328406], [-83.999375, 39.333403], [-83.997539, 39.35118], [-83.997524, 39.351329], [-83.996754, 39.359091], [-83.992374, 39.404201], [-83.99231, 39.404886], [-83.990736, 39.421598], [-83.989435, 39.435514], [-83.988613, 39.444397], [-83.986999, 39.461698], [-83.985727, 39.475193], [-83.983699, 39.496872], [-83.983077, 39.504306], [-83.979729, 39.541458], [-83.979443, 39.544116], [-83.978268, 39.555655], [-83.977005, 39.569169], [-83.967043, 39.568502], [-83.943113, 39.567253], [-83.938946, 39.567028], [-83.922507, 39.566194], [-83.883399, 39.563499], [-83.868022, 39.5624], [-83.858695, 39.56169], [-83.847935, 39.561326], [-83.843332, 39.561065], [-83.832144, 39.560433], [-83.830994, 39.560361], [-83.803126, 39.558586], [-83.788096, 39.557533], [-83.781059, 39.55717], [-83.778373, 39.557031], [-83.765835, 39.555924], [-83.764193, 39.555843], [-83.73552, 39.554336], [-83.723942, 39.553642], [-83.716725, 39.553131], [-83.678584, 39.550786], [-83.670196, 39.550254], [-83.624921, 39.547626], [-83.624268, 39.547717], [-83.610778, 39.54681], [-83.602975, 39.546284], [-83.585523, 39.545109], [-83.576286, 39.544547], [-83.580032, 39.504399], [-83.580782, 39.498869], [-83.583455, 39.46663], [-83.584054, 39.459482], [-83.58469, 39.451782], [-83.585004, 39.447953], [-83.585198, 39.445705], [-83.586793, 39.426478], [-83.58777, 39.414665], [-83.590878, 39.378736], [-83.593868, 39.377081], [-83.630504, 39.355722], [-83.633517, 39.35396], [-83.636419, 39.35228], [-83.650323, 39.344021], [-83.658971, 39.33879], [-83.672132, 39.330869], [-83.691526, 39.31919], [-83.700213, 39.313998], [-83.7259, 39.298196], [-83.7361, 39.292134], [-83.748559, 39.284707], [-83.755881, 39.280292], [-83.783126, 39.263823], [-83.784793, 39.262888], [-83.786501, 39.255616], [-83.790175, 39.252813], [-83.790149, 39.250548], [-83.791585, 39.250139], [-83.794535, 39.245099], [-83.795308, 39.243336], [-83.795651, 39.240927], [-83.801391, 39.237576], [-83.801984, 39.237678], [-83.802498, 39.237126], [-83.80194, 39.234083], [-83.802563, 39.233543], [-83.80134, 39.231567], [-83.803682, 39.230844], [-83.805124, 39.231558], [-83.806424, 39.230328], [-83.808297, 39.224683], [-83.810919, 39.2237], [-83.818879, 39.222845], [-83.835869, 39.223304], [-83.834404, 39.245715], [-83.841877, 39.246095], [-83.861767, 39.247131], [-83.865679, 39.247333], [-83.884211, 39.248337], [-83.893235, 39.248826], [-83.943775, 39.25158], [-83.945978, 39.251702], [-83.949196, 39.25188], [-83.950133, 39.251882], [-83.99312, 39.254235], [-84.006782, 39.255068], [-84.003728, 39.288471]]]
        }
    },
    {
     "type": "Feature",
        "properties": {
        "NAME": "Columbiana",
        "1970_Population": "108310",
        "1975_Population": "112200",
        "1980_Population": "113572",
        "1985_Population": "109127",
        "1990_Population": "108276",
        "1995_Population": "111625",
        "2000_Population": "112075",
        "2005_Population": "109784",
        "2010_Population": "107841",
        "2015_Population": "104683",
     },
   "geometry": {
   "type": "Polygon",
   "coordinates": [[[-81.087391, 40.729443], [-81.087283, 40.731454], [-81.087235, 40.738898], [-81.087258, 40.738992], [-81.087208, 40.740263], [-81.087137, 40.747054], [-81.087081, 40.749516], [-81.087087, 40.751255], [-81.086757, 40.813936], [-81.086868, 40.814906], [-81.086794, 40.850123], [-81.086758, 40.872537], [-81.086734, 40.886299], [-81.086723, 40.887004], [-81.086686, 40.898858], [-81.086679, 40.901609], [-81.067116, 40.901554], [-81.049737, 40.901508], [-81.048475, 40.901508], [-81.037128, 40.901479], [-81.031994, 40.901469], [-81.024052, 40.901481], [-81.018961, 40.901504], [-80.994158, 40.901535], [-80.974906, 40.901455], [-80.974153, 40.901451], [-80.961216, 40.901403], [-80.958254, 40.901392], [-80.952604, 40.901377], [-80.944005, 40.901308], [-80.943338, 40.901302], [-80.914275, 40.90108], [-80.896032, 40.900995], [-80.895813, 40.930187], [-80.891285, 40.9302], [-80.890482, 40.930068], [-80.875978, 40.930052], [-80.85637, 40.929963], [-80.84043, 40.929724], [-80.821635, 40.929775], [-80.821907, 40.911336], [-80.821912, 40.90951], [-80.821936, 40.908276], [-80.821923, 40.900935], [-80.819814, 40.900909], [-80.811459, 40.900866], [-80.807067, 40.900861], [-80.786937, 40.900698], [-80.785155, 40.900798], [-80.783382, 40.900761], [-80.777974, 40.900728], [-80.765202, 40.900641], [-80.760049, 40.900603], [-80.759259, 40.900594], [-80.745671, 40.900472], [-80.739017, 40.90043], [-80.729331, 40.900367], [-80.722635, 40.900329], [-80.71176, 40.900241], [-80.707065, 40.900204], [-80.70475, 40.900186], [-80.698618, 40.900119], [-80.697551, 40.900096], [-80.679361, 40.899928], [-80.650877, 40.89984], [-80.649372, 40.89991], [-80.632067, 40.899782], [-80.618399, 40.899851], [-80.575784, 40.900091], [-80.519777423230693, 40.900324199129599], [-80.519764, 40.899858], [-80.519002, 40.877543], [-80.51901917017959, 40.851339398102795], [-80.5190199803735, 40.850102952153094], [-80.51902, 40.850073], [-80.519020503165891, 40.850065444263002], [-80.519081, 40.849157], [-80.51905561056418, 40.835482078702], [-80.519013626493503, 40.812869175217799], [-80.518992, 40.801221], [-80.519058, 40.792298], [-80.519057973458089, 40.79223719253249], [-80.519056754253896, 40.789443995742396], [-80.519054295488601, 40.783810964368392], [-80.519050363161298, 40.774802002460405], [-80.519032440405795, 40.733740969689897], [-80.519028983849793, 40.725822], [-80.519025243728194, 40.717253381264008], [-80.519012718890778, 40.688558978734697], [-80.519006375939497, 40.674027277351001], [-80.519004080579293, 40.6687686072408], [-80.518997672861104, 40.6540885247747], [-80.51899560346439, 40.649347536924196], [-80.518992851813593, 40.643043505057101], [-80.518991, 40.638801], [-80.521917, 40.636992], [-80.52566, 40.636068], [-80.530093, 40.636255], [-80.532737, 40.63559], [-80.539541, 40.632122], [-80.545892, 40.629702], [-80.551126, 40.628847], [-80.552953026293196, 40.627863026177096], [-80.56072, 40.62368], [-80.563419473155989, 40.621356633216301], [-80.56784, 40.617552], [-80.571936, 40.615456], [-80.575155031523281, 40.614629781908995], [-80.576736, 40.614224], [-80.579856, 40.614304], [-80.580527840716371, 40.614520298202599], [-80.583633, 40.61552], [-80.589044527463699, 40.620005600711302], [-80.589048269459198, 40.620008702441396], [-80.592049, 40.622496], [-80.594065, 40.623664], [-80.598764, 40.625263], [-80.603876, 40.625064], [-80.610198324855702, 40.623307972446497], [-80.616002, 40.621696], [-80.627171, 40.619936], [-80.632502339609204, 40.617085544064693], [-80.634355, 40.616095], [-80.637124889158102, 40.613440339112998], [-80.639379, 40.61128], [-80.644454568751584, 40.604342904600188], [-80.644963, 40.603648], [-80.651716, 40.597744], [-80.653972, 40.59648], [-80.655188, 40.596544], [-80.657065082355601, 40.595285825492695], [-80.662564, 40.5916], [-80.665892, 40.587728], [-80.667957, 40.582496], [-80.670317, 40.582529], [-80.708046, 40.582975], [-80.719799, 40.583103], [-80.733217, 40.583231], [-80.73876, 40.583199], [-80.74732, 40.583327], [-80.747112, 40.596991], [-80.747736, 40.596959], [-80.810537, 40.598149], [-80.81791, 40.598305], [-80.822859, 40.598385], [-80.830547, 40.598528], [-80.861994, 40.599404], [-80.861432, 40.619627], [-80.861365, 40.621979], [-80.861362, 40.62204], [-80.861344, 40.622755], [-80.861458, 40.625062], [-80.860822, 40.64257], [-80.865757, 40.642647], [-80.918125, 40.643464], [-80.917357, 40.670281], [-80.917491, 40.672706], [-80.917172, 40.726934], [-80.974818, 40.727003], [-80.994297, 40.727029], [-81.00208, 40.727142], [-81.037232, 40.727377], [-81.043399, 40.727427], [-81.084681, 40.727984], [-81.087289, 40.727816], [-81.087391, 40.729443]]]
        }
    },
    {
     "type": "Feature",
        "properties": {
        "NAME": "Coshocton",
        "1970_Population": "33486",
        "1975_Population": "35700",
        "1980_Population": "36024",
        "1985_Population": "35438",
        "1990_Population": "35427",
        "1995_Population": "36297",
        "2000_Population": "36655",
        "2005_Population": "37363",
        "2010_Population": "36901",
        "2015_Population": "36587",
     },
   "geometry": {
   "type": "Polygon",
   "coordinates": [[[-82.19325, 40.290287], [-82.192113, 40.311185], [-82.191829, 40.316778], [-82.190807, 40.33576], [-82.190162, 40.346643], [-82.190399, 40.347352], [-82.188827, 40.373227], [-82.188629, 40.37538], [-82.188184, 40.383355], [-82.187364, 40.397799], [-82.186915, 40.406056], [-82.184467, 40.454262], [-82.184724, 40.454908], [-82.184607, 40.45628], [-82.162103, 40.455377], [-82.123972, 40.454156], [-82.096097, 40.453215], [-82.085979, 40.452895], [-82.085885, 40.454101], [-82.075439, 40.453761], [-82.055301, 40.453293], [-82.044388, 40.452757], [-82.035781, 40.452611], [-82.033409, 40.452417], [-81.988723, 40.450996], [-81.987584, 40.451309], [-81.960355, 40.450511], [-81.932198, 40.449766], [-81.902127, 40.448916], [-81.893874, 40.44885], [-81.893906, 40.448102], [-81.841678, 40.447668], [-81.837619, 40.447369], [-81.825359, 40.447155], [-81.805821, 40.446823], [-81.804523, 40.446796], [-81.790249, 40.446474], [-81.766185, 40.446055], [-81.761653, 40.44582], [-81.755027, 40.445641], [-81.718796, 40.445049], [-81.709132, 40.444775], [-81.709189, 40.444004], [-81.709246, 40.443265], [-81.709259, 40.442761], [-81.709504, 40.43675], [-81.711383, 40.392179], [-81.711469, 40.389765], [-81.712279, 40.371098], [-81.712288, 40.370804], [-81.710425, 40.370688], [-81.70015, 40.370584], [-81.684161, 40.36997], [-81.68323, 40.369944], [-81.682634, 40.370036], [-81.681446, 40.369998], [-81.622273, 40.368272], [-81.61603, 40.368118], [-81.616576, 40.362833], [-81.61802, 40.330488], [-81.617899, 40.324902], [-81.61896, 40.296813], [-81.619028, 40.295024], [-81.619478, 40.283432], [-81.620031, 40.273535], [-81.620151, 40.271443], [-81.620703, 40.263091], [-81.620596, 40.262637], [-81.62059, 40.26254], [-81.621116, 40.254194], [-81.621056, 40.251383], [-81.622683, 40.221308], [-81.636348, 40.221615], [-81.66759, 40.222468], [-81.667635, 40.214311], [-81.66769, 40.208023], [-81.669189, 40.183806], [-81.670899, 40.150976], [-81.716276, 40.152166], [-81.716277, 40.152854], [-81.809396, 40.155189], [-81.809533, 40.155194], [-81.850982, 40.156443], [-81.904203, 40.157851], [-81.905026, 40.157876], [-81.939833, 40.158721], [-81.947098, 40.158897], [-82.000204, 40.160242], [-82.025515, 40.160894], [-82.087197, 40.161705], [-82.088171, 40.162046], [-82.093016, 40.162337], [-82.092981, 40.162579], [-82.187105, 40.16688], [-82.187038, 40.167151], [-82.186393, 40.182315], [-82.186739, 40.183016], [-82.18286, 40.238037], [-82.182823, 40.238624], [-82.195911, 40.239071], [-82.19325, 40.290287]]]
        }
    },
    {
     "type": "Feature",
        "properties": {
        "NAME": "",
        "1970_Population": "",
        "1975_Population": "",
        "1980_Population": "",
        "1985_Population": "",
        "1990_Population": "",
        "1995_Population": "",
        "2000_Population": "",
        "2005_Population": "",
        "2010_Population": "",
        "2015_Population": "",
     },
   "geometry": {
   "type": "Polygon",
   "coordinates":
